08/31/2018 20:55:17|41.813010|-72.744147|0.000000|0.000000|0.000000|0.000000
08/31/2018 20:56:28|41.813276|-72.742895|108.020082|70.993564|5.477571|5.477571
08/31/2018 20:58:00|41.812173|-72.743681|247.028309|162.740369|5.454464|5.464544
08/31/2018 20:59:08|41.813248|-72.743798|367.111056|230.750073|6.356415|5.727408
08/31/2018 21:00:24|41.812983|-72.743996|400.863302|306.745865|1.598879|4.704572
08/31/2018 21:04:11|41.812744|-72.745539|531.640338|374.250787|6.974267|5.113964
08/31/2018 21:06:41|41.811942|-72.747254|699.613830|449.157944|8.072721|5.607403
08/31/2018 21:07:44|41.811147|-72.748796|855.200603|512.149218|8.891904|6.011377
08/31/2018 21:08:46|41.806694|-72.752431|1435.463465|574.287566|33.617667|8.998399
08/31/2018 21:09:49|41.813950|-72.762821|2616.896228|636.578854|68.278536|14.799151
08/31/2018 21:10:50|41.821669|-72.768710|3605.267768|697.808084|58.111747|18.599618
08/31/2018 21:12:48|41.823857|-72.768834|3849.057005|760.939443|13.901827|18.209866
08/31/2018 21:13:52|41.824959|-72.768892|3971.877864|824.832256|6.920263|17.335355
08/31/2018 21:14:55|41.826114|-72.769189|4102.739685|887.834738|7.477524|16.635824
08/31/2018 21:15:58|41.826914|-72.769428|4193.980617|950.825468|5.214535|15.879182
08/31/2018 21:17:01|41.829004|-72.770509|4443.287783|1013.835137|14.243938|15.777551
08/31/2018 21:18:05|41.836405|-72.780503|5611.964071|1077.851959|65.720767|18.743827
08/31/2018 21:19:08|41.842197|-72.791030|6697.327133|1140.834328|62.038108|21.133987
08/31/2018 21:20:11|41.848553|-72.801632|7825.869411|1203.831133|64.491401|23.402892
08/31/2018 21:21:15|41.856101|-72.796226|8778.192079|1267.854215|53.548837|24.925178
08/31/2018 21:22:19|41.862521|-72.801158|9601.591677|1331.855095|46.315590|25.953071
08/31/2018 21:23:23|41.869037|-72.798244|10366.177461|1395.852177|43.009911|26.735094
08/31/2018 21:24:25|41.871354|-72.803238|10853.892165|1458.002557|28.250397|26.799687
08/31/2018 21:25:28|41.875921|-72.801446|11383.611504|1520.833939|30.350910|26.946401
08/31/2018 21:26:31|41.882809|-72.799961|12160.195716|1583.834586|44.375785|27.639695
08/31/2018 21:27:33|41.884317|-72.807878|12837.475344|1645.960084|39.246473|28.077784
08/31/2018 21:28:35|41.886897|-72.809215|13145.261827|1708.040050|17.848453|27.705991
09/02/2018 16:34:36|41.880159|-72.738647|0.000000|0.000000|0.000000|0.000000
09/02/2018 16:35:39|41.875963|-72.730684|808.606032|62.988851|46.214238|46.214238
09/02/2018 16:36:42|41.877147|-72.718861|1797.399100|125.986974|56.504144|51.359570
09/02/2018 16:37:45|41.879254|-72.705024|2967.945187|188.990408|66.884702|56.535159
09/02/2018 16:38:48|41.875050|-72.690065|4293.197587|251.992145|75.726620|61.333306
09/02/2018 16:39:52|41.872981|-72.676499|5440.992826|316.001082|64.554468|61.985782
09/02/2018 16:40:56|41.873402|-72.663760|6497.996391|379.998264|59.459068|61.560247
09/02/2018 16:41:59|41.859070|-72.663354|8093.769131|443.004665|91.177751|65.772601
09/02/2018 18:25:56|41.373348|-71.959879|0.000000|0.000000|0.000000|0.000000
09/02/2018 18:32:48|41.375280|-71.949652|880.989882|63.247823|50.145024|50.145024
09/02/2018 18:41:25|41.389877|-71.962749|2839.834397|126.237222|111.952809|80.985653
09/02/2018 18:46:18|41.384505|-71.963703|3443.131605|188.398267|34.939406|65.792929
09/02/2018 18:47:21|41.384794|-71.964559|3521.509710|251.419270|4.477256|50.423482
09/02/2018 18:48:23|41.382361|-71.967439|3883.803183|313.619876|20.968550|44.581650
09/02/2018 18:49:25|41.379543|-71.966686|4203.726652|375.780978|18.528058|40.271905
09/02/2018 18:50:28|41.376953|-71.965474|4509.298294|438.421044|17.561570|37.027132
09/02/2018 18:51:30|41.373820|-71.966000|4860.830316|500.557442|20.366731|34.959003
09/02/2018 18:52:32|41.371095|-71.967959|5205.542978|562.777900|19.944655|33.299024
09/02/2018 18:53:35|41.369313|-71.970429|5491.770025|624.937658|16.576921|31.635751
09/02/2018 18:54:38|41.366678|-71.969995|5787.347192|688.355412|16.778863|30.266995
09/02/2018 18:55:40|41.364720|-71.969439|6010.162447|750.505886|12.906336|28.829334
09/02/2018 18:56:42|41.361953|-71.969629|6318.574305|812.650261|17.866182|27.990968
09/02/2018 18:57:45|41.361392|-71.968956|6402.648329|875.430703|4.821031|26.329364
09/02/2018 19:01:46|41.361444|-71.969025|6410.792988|938.514464|0.464791|24.590835
09/02/2018 19:07:28|41.353497|-71.971388|7317.145641|1003.030460|50.574583|26.262138
09/02/2018 19:08:41|41.353173|-71.971931|7375.114976|1066.094880|3.309150|24.904363
09/02/2018 19:09:43|41.350143|-71.972062|7712.590894|1128.174970|19.570096|24.610834
09/02/2018 19:10:47|41.350199|-71.972942|7786.353409|1192.108949|4.153426|23.513683
09/02/2018 19:11:49|41.350262|-71.973660|7846.824635|1254.231337|3.504315|22.522614
09/02/2018 19:12:51|41.347460|-71.976025|8216.023710|1316.384286|21.384611|22.468884
09/02/2018 19:14:43|41.345689|-71.977016|8429.928051|1379.245126|12.250165|22.003153
09/02/2018 19:15:46|41.344424|-71.975308|8630.418333|1442.239304|11.457646|21.542546
09/02/2018 19:16:49|41.343453|-71.974320|8766.371272|1505.247989|7.767669|20.965938
09/02/2018 19:17:51|41.343442|-71.973876|8803.547751|1567.384939|2.153877|20.220159
09/02/2018 19:18:53|41.343441|-71.973946|8809.424431|1629.536883|0.340392|19.461927
09/02/2018 19:19:56|41.343512|-71.974596|8864.312977|1692.242577|3.151209|18.857537
09/02/2018 19:20:58|41.343307|-71.974454|8890.064710|1754.474231|1.489696|18.241495
09/02/2018 19:22:01|41.343291|-71.974383|8896.282368|1817.247238|0.356580|17.623698
09/02/2018 19:23:03|41.343396|-71.974341|8908.486078|1879.378964|0.707100|17.064440
09/02/2018 19:27:30|41.348185|-71.975521|9450.566571|1941.590803|31.368463|17.522765
09/02/2018 19:30:31|41.353540|-71.971231|10146.183534|2005.064373|39.452973|18.217002
09/02/2018 19:31:33|41.353496|-71.971198|10151.831822|2067.222794|0.327129|17.679079
09/02/2018 19:32:35|41.354022|-71.970512|10233.756646|2129.362534|4.746228|17.301668
09/02/2018 19:33:38|41.354753|-71.969155|10373.343311|2192.068230|8.013817|17.035982
09/02/2018 19:34:40|41.354317|-71.968296|10459.946303|2254.204462|5.017536|16.704699
09/02/2018 19:36:32|41.353859|-71.968843|10528.437427|2317.214421|3.913160|16.356870
09/02/2018 19:37:34|41.354169|-71.968394|10579.378579|2379.234032|2.956938|16.007573
09/02/2018 19:39:05|41.354202|-71.968326|10586.121788|2464.934555|0.283260|15.460872
09/02/2018 19:40:35|41.354124|-71.968388|10596.192236|2531.571574|0.544046|15.068226
09/02/2018 19:41:42|41.354131|-71.968380|10597.214942|2594.979884|0.058064|14.701453
09/02/2018 19:43:34|41.354131|-71.968387|10597.841095|2658.973746|0.035225|14.348479
09/02/2018 19:46:00|41.354119|-71.968480|10605.651921|2723.315435|0.437026|14.019803
09/02/2018 19:47:03|41.354224|-71.968714|10628.446431|2786.437680|1.300021|13.731657
09/02/2018 19:48:08|41.354106|-71.968376|10659.562364|2851.256453|1.728162|13.458777
09/02/2018 19:49:10|41.354227|-71.968237|10677.269871|2913.547172|1.023379|13.192912
09/02/2018 19:50:13|41.352899|-71.968426|10825.859415|2975.775721|8.596093|13.096785
09/02/2018 19:51:15|41.351850|-71.965799|11074.525933|3037.979214|14.391466|13.123294
09/02/2018 19:52:25|41.351058|-71.962765|11342.952720|3100.189546|15.533375|13.171656
09/02/2018 19:53:28|41.351105|-71.961600|11440.461260|3162.446525|5.638416|13.023354
09/02/2018 19:54:30|41.350147|-71.959598|11638.856870|3224.535964|11.503151|12.994082
09/02/2018 19:55:32|41.349461|-71.958839|11738.145526|3286.673103|5.752424|12.857173
09/02/2018 19:56:35|41.349598|-71.958587|11764.080546|3349.837273|1.478149|12.642611
09/02/2018 19:57:37|41.349570|-71.958824|11784.093695|3412.184124|1.155589|12.432722
09/02/2018 20:00:55|41.349539|-71.958925|11793.238686|3476.402419|0.512657|12.212527
09/02/2018 20:03:26|41.349546|-71.958905|11795.121488|3539.270771|0.107814|11.997510
09/02/2018 20:04:29|41.349632|-71.958890|11804.669130|3602.204727|0.546152|11.797444
09/02/2018 20:05:54|41.349621|-71.958853|11808.023393|3664.867798|0.192703|11.599023
09/02/2018 20:08:31|41.349614|-71.958868|11809.548924|3727.501303|0.087683|11.405597
09/02/2018 20:10:39|41.349627|-71.958884|11811.530601|3789.909008|0.114313|11.219665
09/02/2018 20:11:41|41.349620|-71.958887|11812.329214|3852.058678|0.046259|11.039392
09/02/2018 20:12:45|41.349575|-71.958866|11817.607713|3915.925239|0.297536|10.864198
09/02/2018 20:13:49|41.349367|-71.959066|11846.178113|3979.923040|1.607140|10.715343
09/02/2018 20:18:00|41.349321|-71.959089|11851.619514|4047.304087|0.290720|10.541790
09/02/2018 20:20:43|41.349334|-71.959093|11853.124523|4110.667505|0.085507|10.380613
09/02/2018 20:23:11|41.349606|-71.958853|11889.400027|4173.358525|2.083102|10.255970
09/02/2018 20:27:16|41.347922|-71.956548|12158.225458|4236.379601|15.356316|10.331844
09/02/2018 20:32:20|41.342020|-71.962102|12962.617897|4299.515939|45.866024|10.853646
09/02/2018 20:37:38|41.339855|-71.964591|13281.013976|4361.920266|18.367731|10.961147
09/02/2018 20:38:44|41.339982|-71.968166|13580.116600|4424.124618|17.310195|11.050417
09/02/2018 20:39:46|41.339195|-71.967503|13683.686178|4486.250560|6.001526|10.980499
09/02/2018 20:40:48|41.338482|-71.970416|13939.746697|4548.391746|14.834250|11.033150
09/02/2018 20:41:50|41.337991|-71.972381|14112.848291|4610.531228|10.028499|11.019610
09/02/2018 20:42:53|41.337891|-71.972287|14126.455988|4672.671377|0.788342|10.883548
09/02/2018 20:43:55|41.338423|-71.970335|14299.961609|4734.798078|10.053974|10.872663
09/02/2018 20:46:20|41.339963|-71.962904|14944.273763|4797.498365|36.993830|11.214050
09/02/2018 20:48:57|41.335343|-71.964184|15469.558292|4859.636862|30.432411|11.459788
09/02/2018 20:49:59|41.332025|-71.963688|15841.247867|4921.763586|21.537953|11.587004
09/02/2018 20:51:02|41.330116|-71.965214|16089.140066|4985.028139|14.106034|11.618972
09/02/2018 20:52:05|41.328541|-71.966031|16277.232395|5048.010417|10.751157|11.608145
09/02/2018 20:53:07|41.326155|-71.964299|16579.780551|5110.144400|17.529431|11.680142
09/02/2018 20:54:32|41.323703|-71.963231|16866.970011|5172.299643|16.633867|11.739670
09/02/2018 20:55:34|41.322619|-71.962809|16992.640907|5234.444558|7.280004|11.686724
09/02/2018 20:56:37|41.322014|-71.962877|17060.177590|5297.641235|3.847229|11.593205
09/02/2018 20:57:40|41.321991|-71.962776|17069.019809|5360.649946|0.505200|11.462877
09/02/2018 21:00:10|41.321802|-71.962281|17115.488806|5423.347945|2.668162|11.361204
09/02/2018 21:01:13|41.321779|-71.962302|17118.573995|5486.671491|0.175396|11.232104
09/02/2018 21:02:23|41.321774|-71.962328|17120.870667|5552.633142|0.125346|11.100163
09/02/2018 21:03:46|41.321977|-71.962470|17146.480572|5615.359078|1.469817|10.992588
09/02/2018 21:06:15|41.322012|-71.962955|17187.153011|5679.389530|2.286737|10.894437
09/02/2018 21:07:58|41.322066|-71.963094|17200.212622|5744.265492|0.724684|10.779579
09/02/2018 21:09:40|41.322034|-71.962954|17212.433932|5809.818750|0.671160|10.665524
09/02/2018 21:11:46|41.321943|-71.962766|17231.137718|5873.009200|1.065567|10.562234
09/02/2018 21:12:49|41.322013|-71.962781|17239.104230|5936.011312|0.455214|10.454962
09/02/2018 21:13:52|41.322033|-71.962754|17242.303501|5999.013296|0.182810|10.347084
09/02/2018 21:14:55|41.322040|-71.962751|17243.048691|6062.012509|0.042583|10.239995
09/02/2018 21:15:58|41.322036|-71.962762|17244.046003|6125.009186|0.056992|10.135261
09/02/2018 21:17:01|41.322045|-71.962837|17250.368594|6188.011109|0.361280|10.035749
09/02/2018 21:18:03|41.322063|-71.962933|17258.653673|6250.156454|0.479944|9.940736
09/02/2018 21:19:06|41.322077|-71.962946|17260.540111|6313.005357|0.108056|9.842847
09/02/2018 21:20:08|41.322207|-71.962874|17276.230713|6375.149278|0.908957|9.755761
09/02/2018 21:21:10|41.322358|-71.962941|17293.977068|6437.301647|1.027907|9.671493
09/02/2018 21:22:23|41.322303|-71.962934|17300.175384|6499.454404|0.359018|9.582440
09/02/2018 21:23:27|41.322996|-71.962784|17378.393649|6562.998252|4.431361|9.532566
09/02/2018 21:24:30|41.325296|-71.964466|17670.545298|6625.964607|16.703300|9.600710
09/02/2018 21:25:32|41.327725|-71.965610|17957.258408|6688.323488|16.552048|9.665521
09/02/2018 21:26:34|41.330087|-71.965302|18221.513763|6750.970521|15.185384|9.716744
09/02/2018 21:29:19|41.336521|-71.963883|18947.514792|6813.285170|41.942043|10.011478
09/02/2018 21:33:31|41.339810|-71.962330|19335.960324|6875.507703|22.474236|10.124264
09/02/2018 21:35:41|41.342722|-71.957995|19822.089553|6938.409768|27.822063|10.284709
09/02/2018 21:36:44|41.344550|-71.956533|20059.398551|7001.412234|13.559983|10.314181
09/02/2018 21:37:46|41.346920|-71.955805|20330.223904|7063.561446|15.687589|10.361460
09/02/2018 21:38:48|41.348209|-71.956001|20474.640996|7125.657327|8.372561|10.344127
09/02/2018 21:39:50|41.349061|-71.957232|20614.499562|7187.793023|8.103085|10.324755
09/02/2018 21:44:29|41.349173|-71.962253|21034.269043|7249.950136|24.312103|10.444674
09/02/2018 21:49:23|41.346759|-71.967067|21518.113202|7312.917876|27.662403|10.592927
09/02/2018 21:50:25|41.347696|-71.965370|21694.159214|7375.034131|10.202895|10.589642
09/02/2018 21:51:27|41.348376|-71.962585|21938.900752|7437.257176|14.159859|10.619512
09/02/2018 21:52:29|41.350104|-71.963717|22153.241829|7499.345590|12.427888|10.634484
09/02/2018 21:53:32|41.352983|-71.963870|22473.980968|7561.913615|18.454489|10.699187
09/02/2018 21:56:18|41.355474|-71.966955|22852.605582|7625.612120|21.398440|10.788561
09/02/2018 22:00:44|41.363481|-71.962949|23804.703917|7687.871824|55.052526|11.147030
09/02/2018 22:06:02|41.373379|-71.959867|24936.176617|7750.004802|65.557806|11.583249
09/03/2018 12:16:32|41.886819|-72.809203|0.000000|0.000000|0.000000|0.000000
09/03/2018 12:17:34|41.886095|-72.809936|100.924223|62.069805|5.853526|5.853526
09/03/2018 12:18:36|41.885011|-72.808082|296.301102|124.311377|11.300434|8.580743
09/03/2018 12:19:38|41.883820|-72.805754|530.427584|186.364401|13.582824|10.246266
09/03/2018 12:20:42|41.883073|-72.801753|872.276117|249.996271|19.340225|12.560963
09/03/2018 12:21:44|41.883368|-72.799655|1049.204142|312.143277|10.248939|12.100645
09/03/2018 12:23:03|41.884735|-72.797526|1282.222688|374.283541|13.499569|12.332901
09/03/2018 12:24:07|41.887339|-72.795452|1619.240653|437.591796|19.164399|13.321242
09/03/2018 12:25:10|41.889177|-72.792838|1917.218451|500.576999|17.031303|13.788061
09/03/2018 12:26:12|41.890940|-72.790114|2216.322246|562.731695|17.324092|14.178622
09/03/2018 12:27:14|41.893565|-72.788323|2544.051270|624.873803|18.985910|14.656695
09/03/2018 12:28:16|41.896046|-72.787711|2824.791917|686.965714|16.276940|14.803142
09/03/2018 12:29:18|41.897541|-72.786652|3012.948657|749.011764|10.917122|14.481235
09/03/2018 12:30:21|41.900470|-72.785943|3344.251594|812.002422|18.934404|14.826687
09/03/2018 12:31:23|41.903516|-72.785485|3685.420927|874.133867|19.767923|15.177899
09/03/2018 12:32:25|41.906747|-72.785281|4045.499139|936.257644|20.866110|15.555330
09/03/2018 12:33:27|41.909669|-72.784630|4375.270509|998.360795|19.116211|15.776835
09/03/2018 12:34:31|41.912189|-72.784159|4658.509699|1061.585095|16.127677|15.797730
09/03/2018 12:35:33|41.914727|-72.783594|4944.878090|1123.717601|16.592381|15.841668
09/03/2018 12:36:36|41.917209|-72.782712|5230.616924|1186.583376|16.362795|15.869278
09/03/2018 12:37:38|41.919573|-72.782333|5495.678806|1248.749823|15.349482|15.843401
09/03/2018 12:45:29|41.929993|-72.789765|6808.868271|1311.387273|75.473731|18.691600
09/03/2018 12:49:13|41.929980|-72.789844|6815.522948|1374.710978|0.378323|17.848030
09/03/2018 12:57:03|41.929243|-72.783819|7321.185285|1437.395437|29.040442|18.336128
09/03/2018 13:02:07|41.939452|-72.775125|8666.557193|1500.047273|77.305617|20.799082
09/03/2018 13:03:10|41.941757|-72.774514|8928.024781|1563.051863|14.939917|20.562906
09/03/2018 13:04:13|41.944376|-72.773527|9230.817924|1626.048270|17.303452|20.436629
09/03/2018 13:05:16|41.946947|-72.772162|9538.491264|1689.063794|17.577002|20.329942
09/03/2018 13:06:19|41.949799|-72.770524|9883.785888|1752.052779|19.734572|20.308537
09/03/2018 13:07:22|41.952780|-72.768839|10243.715315|1815.052355|20.567534|20.317527
09/03/2018 13:08:25|41.954776|-72.767638|10487.176767|1878.045644|13.913565|20.102726
09/03/2018 13:09:28|41.957510|-72.766347|10809.688493|1941.047395|18.428729|20.048392
09/03/2018 13:10:31|41.960400|-72.765504|11138.975428|2004.055909|18.813854|20.009577
09/03/2018 13:11:34|41.963497|-72.764281|11498.200163|2067.147410|20.497357|20.024465
09/03/2018 13:14:00|41.969992|-72.759908|12306.724178|2131.377990|45.316210|20.786649
09/03/2018 13:17:57|41.974098|-72.757533|12804.325942|2196.265364|27.607318|20.988162
09/03/2018 13:21:52|41.973879|-72.757569|12828.851896|2260.444747|1.375729|20.431319
09/03/2018 13:30:28|41.988624|-72.764184|14559.056099|2323.231775|99.204172|22.560212
09/03/2018 13:35:29|41.997835|-72.767806|15627.351136|2387.023379|60.287904|23.568460
09/03/2018 13:41:56|41.991831|-72.765219|16329.159419|2450.198148|39.992387|23.991927
09/03/2018 13:46:43|41.979876|-72.759653|17737.442675|2512.790804|80.997037|25.411902
09/03/2018 13:51:29|41.979954|-72.759622|17746.590154|2574.981694|0.529514|24.810943
09/03/2018 13:53:20|41.979951|-72.759585|17749.705898|2638.580560|0.176366|24.217165
09/03/2018 13:55:45|41.979976|-72.759619|17753.714110|2702.615816|0.225338|23.648707
09/03/2018 13:59:08|41.974370|-72.757389|18404.464349|2765.811536|37.070562|23.955382
09/03/2018 14:00:17|41.971561|-72.758970|18743.408320|2829.481121|19.164540|23.847577
09/03/2018 14:01:21|41.968755|-72.760840|19092.038121|2893.473480|19.612768|23.753920
09/03/2018 14:05:37|41.957351|-72.766547|20446.569573|2956.642797|77.194332|24.895686
09/03/2018 14:07:55|41.953733|-72.768788|20890.011614|3020.254681|25.095804|24.899901
09/03/2018 14:11:04|41.947001|-72.772150|21689.364863|3083.476081|45.517368|25.322627
09/03/2018 14:15:35|41.937038|-72.775867|22840.413836|3145.920133|66.359824|26.137183
09/03/2018 14:17:28|41.935671|-72.777417|23039.477444|3209.736755|11.229504|25.840785
09/03/2018 14:22:59|41.930063|-72.789418|24213.121866|3273.128981|66.650442|26.631165
09/03/2018 14:30:25|41.918091|-72.780416|25740.177258|3335.786862|87.736760|27.778945
09/03/2018 14:37:54|41.903076|-72.785510|27464.086547|3398.032755|99.702537|29.096456
09/03/2018 14:43:23|41.890516|-72.790862|28930.879925|3460.932668|83.950134|30.093382
09/03/2018 14:52:20|41.880371|-72.801489|30363.039147|3524.498893|81.108690|31.013470
09/03/2018 14:57:06|41.881808|-72.804143|30634.985321|3587.696590|15.491169|30.740043
09/03/2018 15:02:04|41.886648|-72.809033|31309.139701|3652.004347|37.739705|30.863299
09/03/2018 15:05:54|41.886752|-72.809609|31358.231806|3721.461830|2.544457|30.334755
09/03/2018 15:11:57|41.886742|-72.809133|31397.679970|3788.936758|2.104684|29.832023
09/03/2018 15:18:50|41.886765|-72.809209|31404.434619|3855.841050|0.363456|29.320702
09/03/2018 15:25:48|41.886884|-72.809284|31419.050148|3920.256388|0.816823|28.852343
09/03/2018 15:33:03|41.886775|-72.809625|31449.745415|3987.038610|1.654676|28.396786
09/03/2018 16:32:07|41.886679|-72.809252|31482.402504|4073.910927|1.353314|27.820110
09/03/2018 17:33:24|41.886750|-72.808976|31506.584889|4189.585053|0.752602|27.072778
